10197
10247
10312pb01
11090
11211
11213
11215
11291
11458
11476
11477
11478
13269
13547
13548
14181
14418
14704
14719
14769
15068
15301c01
15303
15391
15392
15403
15456
15462
15571
15573
15712
17114
18654
18671
18674
18677
18738
20309
21445
21849pb04
22385
22885
2335
2341
23969
2412
2412b
2419
2420
24201
2429c01
2431
24316
2432
2436
2436b
2444
2445
2449
2476
2489
2540
2586p4d
26047
26287
2639
2653
2654
26601
26603
2714a
2714b
2723
27263
2736
2780
27925
2817
28192
2850b
2854
2877
28802
3001
3002
3003
30031
3004
3005
3008
3009
3010
30132
30165
3020
3021
3022
3023
3024
3029
30304
3031
3032
3034
30340
3035
30350b
30355
30356
3036
3037
30372p79
30374
3038
30383
30387
3039
3040
30414
3044c
3045
3049c
30503
30526
30552
30553
30554b
3062
3068
3069
3070
3176
32000
32001
32002
32013
32015
32018
32028
32034
32039
32054
32059
32062
32064
32073
32140
32184
32209
32316
32333
32449
3245c
32523
32524
32529
32530
32531
32557
32802
32803
32952
3297
3298
33299
33909
34103
3460
3622
3623
3639
3648
3659
3660
3665
3666
3673
3676
3678b
3679
3680
36840
3700
3701
3702
3705
3707
3708
3709
3710
3713
37352
3738
3743
3747b
3749
37762
3794a
3794b
3795
3830
3831
3832
3839b
3849
3873
3894
3899
3937
3938
3941
3956
3958
3960
3960pb013
4006
4032
40490
4070
4073
4079
4081b
4085d
41531
4162
41677
41678
41740
41769
41770
4185
42003
42022
4216
4265c
4274
4282
4286
4287
43093
43121
43710
43711
43712
43713
43719
43722
43723
43898
44294
44300
44301b
44302
44358
44359
44567a
44567b
44570
44676
44728
4477
44865
4491b
4493c01pb04
4495a
4519
45301
4588
4589b
4590
4592c02
4599b
4623b
4697b
4735
47397
47398
4740
4742
47455
47755
47759
48169
48170
48336
4865b
4871
48933
49307
49668
50304
50305
50745
50949
50950
50955
50956
51739
52031
53923
54200
54383
54384
54930c02
55013
553
55981
55982
56903
57585
57899
57909b
58176
58247
59
60208
60219
60470b
60471
60474
60479
60481
60483
60484
6070
6081
60849
6091
6106
61184
61190c
61190d
61252
61254
6134
61409
6141
61485
6154
61678
61780
6179
6180
6191
62113
6215
6233
62462
63864
63868
63869
63965
64567
64799
6536
6538c
6541
6553
6558
6587
6629
6632
6636
66956
69754
69755
72454
73109
75018stk01
75038stk01a
75218stk01
75280stk01
75337stk01
78256
78257
78258
78329
78443
78444
85861
85970
85984
85984pb127
87079
87081
87087
87421
87544
87552
87580
87617
87618
87620
87994
91501
92013
92081
92107
92280
92582
92593
92738
92946
93273
93274
93606
94925
96874
98100
98138
98138pb008
98138pb020
98285
98286
98585
99206
99207
99563
99774
99780
99781
x1435
x71
